726: [[-1387.65, 410.768, 3418.3] [0.675134, 0.000888469, -0.737695] [-1402.99, 431.921, 3578.66] [0.567036, -0.0140559, -0.823573] [0.672062, -0.00843363]]
733: [[35.6937, -465.808, 1199.12] [0.257802, 0.564114, -0.784419] [88.6452, -494.248, 1316.2] [0.0993214, 0.529352, -0.842569] [0.216073, 0.591741]]
734: [[40.0485, -465.985, 1229.22] [0.108984, 0.532474, -0.839401] [92.3037, -462.329, 1242.99] [-0.0428738, 0.511235, -0.858371] [0.0389196, 0.551196]]
735: [[47.4651, -446.384, 1202.27] [0.11902, 0.521341, -0.845007] [99.2019, -447.065, 1226.29] [-0.0263955, 0.500729, -0.865202] [0.0541068, 0.538674]]
738: [[82.4578, -423.959, 1225.02] [0.0601345, 0.570685, -0.818965] [134.999, -418.994, 1226.06] [-0.112583, 0.548552, -0.828502] [-0.031825, 0.596745]]
741: [[126.209, -402.204, 1207.85] [0.161017, 0.618031, -0.769488] [189.481, -424.562, 1285.27] [-0.0353847, 0.603962, -0.796227] [0.0800679, 0.662719]]
742: [[126.454, -374.178, 1132.22] [0.224441, 0.606175, -0.763006] [195.804, -413.126, 1265.03] [0.0223384, 0.592219, -0.805467] [0.156058, 0.652433]]
746: [[159.133, -390.286, 1267.48] [0.224627, 0.580994, -0.782297] [253.439, -462.704, 1512.93] [-0.0134865, 0.486338, -0.873667] [0.126819, 0.572526]]
758: [[19.3782, -76.936, 1090.66] [0.218288, 0.356546, -0.908419] [90.5439, -98.8901, 1376.81] [0.0974623, 0.33777, -0.936169] [0.169533, 0.360004]]
759: [[10.7016, -67.7131, 1141.35] [0.243174, 0.337286, -0.909453] [69.7337, -73.6228, 1241.82] [0.0110229, 0.343507, -0.939085] [0.136655, 0.352872]]
760: [[2.82664, -56.3536, 1123.57] [0.227181, 0.515121, -0.826462] [63.4841, -61.3808, 1239.58] [0.0612426, 0.441203, -0.895315] [0.165974, 0.507001]]
761: [[-3.87801, -47.9682, 1142.64] [0.255506, 0.463767, -0.848314] [56.1928, -51.4196, 1244.2] [0.0135651, 0.42417, -0.905481] [0.152235, 0.46867]]
762: [[-7.35143, -36.9541, 1027.93] [0.278395, 0.462669, -0.841685] [49.9263, -42.7535, 1222.65] [0.0339342, 0.411949, -0.910575] [0.176391, 0.462957]]
763: [[-10.3117, -30.7761, 1006.3] [0.266087, 0.482187, -0.834681] [46.8144, -37.4292, 1243.13] [0.0802513, 0.417177, -0.905275] [0.196482, 0.477067]]
764: [[-14.5917, -30.1788, 1106.12] [0.259742, 0.313409, -0.913405] [40.1331, -31.8121, 1191.86] [0.0314521, 0.305891, -0.951547] [0.15489, 0.320616]]
765: [[-19.1766, -24.495, 1125.05] [0.26007, 0.309496, -0.914645] [35.6662, -26.3979, 1207.82] [0.035219, 0.303436, -0.952201] [0.156876, 0.317236]]
766: [[-22.8735, -15.2561, 1142.74] [0.266731, 0.256328, -0.929059] [30.8291, -15.7251, 1238.32] [0.0473629, 0.254777, -0.965839] [0.164264, 0.263457]]
767: [[-25.0653, -0.726835, 1163.75] [0.321269, 0.223141, -0.920323] [28.7397, -0.742635, 1288.55] [0.0780666, 0.22282, -0.971729] [0.208007, 0.231477]]
769: [[-87.7816, -220.969, 946.627] [0.8281, 0.265115, -0.493928] [-82.5157, -235.531, 969.156] [0.735064, 0.353945, -0.578277] [0.969583, 0.523614]]
774: [[-19.9027, 107.871, 1190.21] [0.397504, 0.177624, -0.900244] [33.0821, 118.393, 1362.28] [0.173042, 0.176364, -0.968995] [0.296247, 0.187159]]
776: [[-12.3379, 114.698, 1222.66] [0.422289, 0.247073, -0.872139] [40.6259, 131.03, 1435.56] [0.21793, 0.238085, -0.946479] [0.338488, 0.260702]]
777: [[-9.79785, 120.586, 1261.91] [0.445662, 0.253146, -0.858663] [44.5455, 135.123, 1488.94] [0.229009, 0.261926, -0.937523] [0.359308, 0.279265]]
778: [[-10.2926, 119.882, 1240.19] [0.448927, 0.245412, -0.859207] [43.8029, 137.201, 1493.87] [0.232174, 0.251467, -0.939606] [0.361957, 0.269506]]
779: [[-14.0414, 134.078, 1315.25] [0.530697, 0.143928, -0.835252] [37.5029, 145.669, 1489.05] [0.280922, 0.328376, -0.901805] [0.437096, 0.265481]]
780: [[-22.1935, 126.023, 1181.39] [0.469128, 0.180005, -0.864591] [23.8192, 146.042, 1382.71] [0.328947, 0.261548, -0.907407] [0.423171, 0.24421]]
781: [[-35.38, 155.597, 1318.05] [0.488475, 0.252047, -0.835383] [12.566, 173.906, 1561.76] [0.301028, 0.272908, -0.91373] [0.423995, 0.291572]]
782: [[-44.7564, 141.688, 1199.18] [0.590401, 0.273822, -0.759242] [-0.789423, 176.186, 1546.61] [0.323267, 0.151327, -0.93413] [0.494789, 0.245983]]
783: [[-53.6069, 161.497, 1295.27] [0.538176, 0.193392, -0.820345] [-12.1982, 178.829, 1512.65] [0.372724, 0.207383, -0.904472] [0.485885, 0.228307]]
784: [[-60.6644, 156.895, 1219.69] [0.549724, 0.134579, -0.824435] [-21.2978, 176.046, 1438.96] [0.375893, 0.140843, -0.915897] [0.488811, 0.156956]]
791: [[-68.9131, 181.408, 1274.47] [0.529088, 0.168293, -0.831711] [-27.3805, 199.328, 1463.81] [0.346395, 0.172444, -0.922103] [0.462998, 0.191893]]
793: [[-62.4744, 150.639, 1166.06] [0.455407, 0.241262, -0.85697] [-16.3873, 165.331, 1330.48] [0.243766, 0.2331, -0.941405] [0.370797, 0.257899]]
794: [[-52.8798, 122.73, 976.834] [0.473304, 0.327013, -0.817952] [-12.7255, 136.156, 1132.84] [0.301384, 0.290974, -0.908021] [0.42189, 0.343829]]
795: [[-54.8376, 121.618, 996.228] [0.389361, 0.324468, -0.862043] [-12.1719, 136.063, 1168.59] [0.306393, 0.28968, -0.906757] [0.374759, 0.334189]]
796: [[-60.7826, 132.75, 1141.2] [0.409249, 0.15344, -0.899428] [-12.7247, 144.809, 1282.3] [0.191546, 0.151993, -0.969643] [0.311009, 0.161983]]
797: [[-47.6673, 103.829, 914.23] [0.417497, 0.224069, -0.880619] [-8.28324, 123.01, 1119.96] [0.275382, 0.249947, -0.928273] [0.365801, 0.256285]]
798: [[-49.3142, 108.999, 971.323] [0.427516, 0.283045, -0.858554] [-6.2276, 111.394, 1035.26] [0.257333, 0.238213, -0.936501] [0.364475, 0.282613]]
799: [[-46.298, 104.862, 941.445] [0.399557, 0.288628, -0.870085] [-3.9451, 106.146, 993.031] [0.278756, 0.255248, -0.925821] [0.361136, 0.294062]]
800: [[-44.0486, 102.666, 926.447] [0.38136, 0.266801, -0.885088] [-3.02729, 116.196, 1085.33] [0.218025, 0.244086, -0.944927] [0.316519, 0.27224]]
801: [[-44.2824, 104.611, 955.65] [0.359897, 0.229424, -0.904344] [-0.173532, 123.427, 1158.76] [0.287215, 0.220695, -0.932095] [0.338788, 0.240365]]
802: [[-41.4223, 100.832, 936.229] [0.361516, 0.227914, -0.90408] [1.91686, 111.173, 1061.51] [0.192245, 0.229343, -0.954172] [0.289622, 0.241275]]
803: [[-37.522, 96.9443, 910.422] [0.381722, 0.215676, -0.898762] [5.83272, 108.007, 1041.44] [0.241994, 0.250961, -0.937261] [0.327479, 0.248887]]
804: [[-34.3706, 96.5969, 912.648] [0.35576, 0.217691, -0.90887] [9.39264, 109.441, 1054.87] [0.227203, 0.283318, -0.931724] [0.30673, 0.265761]]
805: [[-31.3091, 96.4622, 916.846] [0.361761, 0.230523, -0.903321] [12.2718, 102.506, 1000.17] [0.201164, 0.243943, -0.948696] [0.295079, 0.250795]]
806: [[-28.5829, 96.6913, 926.757] [0.342769, 0.23177, -0.91038] [16.9359, 109.526, 1079.94] [0.206459, 0.259397, -0.943445] [0.288029, 0.258997]]
807: [[-24.6814, 92.3421, 898.981] [0.41948, 0.239766, -0.875528] [20.1023, 109.324, 1104.29] [0.124092, 0.248699, -0.960599] [0.287822, 0.260008]]
808: [[-24.2577, 91.7345, 909.638] [0.29553, 0.235144, -0.925942] [22.5169, 105.893, 1093.64] [0.119922, 0.219523, -0.968209] [0.215915, 0.235581]]
809: [[-24.6914, 95.038, 955.39] [0.267258, 0.228669, -0.9361] [22.534, 97.4763, 1018.09] [0.13841, 0.210492, -0.967748] [0.209939, 0.226705]]
810: [[-23.0414, 92.3936, 940.071] [0.244757, 0.198157, -0.94912] [24.7382, 98.3884, 1030.81] [0.143998, 0.211827, -0.96664] [0.200206, 0.210826]]
811: [[-21.3055, 90.9339, 926.703] [0.239381, 0.20721, -0.948557] [26.7835, 99.4276, 1041.89] [0.161074, 0.214299, -0.963396] [0.206464, 0.216989]]
812: [[-20.2344, 91.5324, 939.254] [0.222792, 0.179944, -0.958115] [27.0956, 96.5527, 1015.27] [0.0946534, 0.202714, -0.974653] [0.162791, 0.195457]]
813: [[-20.3472, 93.8853, 972.333] [0.205274, 0.194843, -0.959113] [27.0282, 93.885, 996.18] [0.0538571, 0.211253, -0.975947] [0.133122, 0.20686]]
814: [[-19.596, 89.3746, 945.549] [0.21877, 0.186106, -0.957864] [26.9949, 92.3135, 992.556] [0.0348835, 0.197718, -0.979638] [0.130177, 0.19557]]
815: [[-19.097, 87.4869, 947.371] [0.195177, 0.180173, -0.964077] [27.4654, 89.6083, 979.043] [-0.00536336, 0.192643, -0.981254] [0.0972662, 0.189351]]
816: [[-17.3952, 85.4769, 947.498] [0.19578, 0.197537, -0.960546] [29.1893, 88.1263, 979.24] [-0.00924669, 0.199008, -0.979954] [0.0958322, 0.201577]]
817: [[-14.8509, 82.2514, 927.991] [0.202717, 0.178784, -0.962778] [32.1895, 88.1583, 995.065] [0.0242943, 0.182769, -0.982856] [0.116152, 0.183732]]
818: [[-12.566, 80.882, 919.374] [0.197739, 0.169457, -0.965496] [35.0643, 88.5742, 1008.01] [0.052573, 0.192135, -0.979959] [0.127962, 0.183768]]
819: [[-10.9591, 81.8643, 932.419] [0.193466, 0.16811, -0.966597] [35.8297, 86.1033, 985.773] [0.0536859, 0.189517, -0.980409] [0.126264, 0.181656]]
820: [[-9.933, 81.5247, 926.788] [0.215397, 0.172507, -0.961169] [35.6828, 84.4455, 968.076] [-0.00694645, 0.160568, -0.987] [0.106593, 0.169331]]
821: [[-10.1059, 81.8204, 928.322] [0.20586, 0.149187, -0.967143] [36.5901, 87.4568, 994.176] [-0.000685744, 0.177072, -0.984198] [0.10476, 0.165665]]
822: [[-9.31962, 78.8703, 915.343] [0.217686, -0.042372, -0.975099] [37.7038, 86.4948, 1013.05] [0.0775942, -0.037084, -0.996295] [0.148677, -0.0402827]]
823: [[-16.2768, 96.6036, 1053.58] [0.188845, 0.242077, -0.951702] [35.7328, 98.045, 1083.93] [0.0118728, 0.195498, -0.980632] [0.103502, 0.222693]]
824: [[-22.6527, 96.5454, 1053.48] [0.181716, 0.210313, -0.960598] [27.0016, 91.5693, 1001.12] [-0.0311258, 0.205523, -0.978157] [0.0775182, 0.211285]]
825: [[-33.4185, 108.02, 1163.04] [0.137205, 0.23315, -0.962713] [20.5444, 96.5142, 1034.74] [-0.0827114, 0.243502, -0.966367] [0.0282408, 0.242236]]
826: [[-35.2319, 88.015, 953.151] [0.136608, 0.178633, -0.974386] [10.7805, 77.6927, 833.578] [-0.040728, 0.176245, -0.983503] [0.0489322, 0.179309]]
827: [[-45.4276, 100.401, 1061.92] [0.145802, 0.194528, -0.97] [5.65023, 92.7376, 961.805] [-0.0940727, 0.209865, -0.973194] [0.0266147, 0.205179]]
828: [[-54.9579, 109.899, 1152.88] [0.0736645, 0.231593, -0.97002] [1.05438, 94.6018, 975.827] [-0.136132, 0.214207, -0.967255] [-0.0322341, 0.22618]] [[-241.689, -209.136, 847.384] [0.872767, 0.249432, -0.419596] [-269.225, -276.675, 1049.45] [0.781572, 0.258411, -0.567775] [1.03271, 0.475052]]
829: [[-57.5261, 107.435, 1127.75] [0.092035, 0.24599, -0.964893] [-1.42425, 98.1485, 1017.72] [-0.0602574, 0.229237, -0.971504] [0.0164092, 0.240662]]
830: [[-61.9426, 106.157, 1131.15] [0.115823, 0.211362, -0.970521] [-6.62866, 102.033, 1074.38] [-0.0744204, 0.24505, -0.96665] [0.0213692, 0.231387]]
831: [[-60.6265, 84.0928, 939.379] [0.0691218, 0.0896037, -0.993576] [-17.0449, 99.2975, 1088.61] [-0.182977, 0.179395, -0.966611] [-0.0580186, 0.136379]]
832: [[-74.0029, 77.1087, 928.305] [0.097914, 0.108683, -0.989243] [-32.5142, 88.81, 1049.29] [-0.105018, 0.101641, -0.989263] [-0.00359041, 0.105907]]
833: [[-99.5074, 77.9835, 1002.57] [-0.045423, 0.0601033, -0.997158] [-57.1327, 86.4332, 1078.77] [-0.296882, 0.0879183, -0.950858] [-0.173944, 0.0758401]]
834: [[-146.155, 94.773, 1253.44] [-0.234292, 0.133593, -0.962943] [-94.6723, 97.8327, 1262.1] [-0.362288, 0.18816, -0.912876] [-0.307921, 0.169874]]
835: [[-176.861, 107.708, 1425.21] [-0.249785, 0.160904, -0.954839] [-123.232, 104.912, 1373.76] [-0.373883, 0.0719673, -0.92468] [-0.320391, 0.123271]]
836: [[-200.372, 115.761, 1551.46] [-0.267418, 0.105953, -0.957738] [-102.757, 81.8199, 1092.09] [-0.38238, 0.0091808, -0.923959] [-0.332504, 0.0611102]]
837: [[-205.723, 115.916, 1567.89] [-0.297667, 0.082646, -0.951086] [-127.073, 94.4498, 1253.31] [-0.48505, 0.0445585, -0.873351] [-0.405269, 0.06961]] [[-292.378, -147.321, 801.38] [0.32306, 0.276863, -0.904975] [-247.813, -177.728, 804.57] [0.247162, 0.41457, -0.87581] [0.309891, 0.370358]]
838: [[-145.642, 77.3378, 1108.27] [-0.448794, 0.047689, -0.892362] [-111.62, 81.4729, 1088.33] [-0.559802, 0.0653201, -0.826048] [-0.530758, 0.0656692]]
839: [[-204.924, 114.1, 1550.81] [-0.306982, 0.0919563, -0.947262] [-125.014, 93.6562, 1241.79] [-0.502397, 0.00379174, -0.864629] [-0.42011, 0.0527952]]
840: [[-198.823, 111.131, 1524.95] [-0.201646, 0.0861585, -0.975662] [-103.702, 78.6146, 1054.29] [-0.466654, 0.0722981, -0.88148] [-0.345426, 0.0851167]]
841: [[-163.529, 90.7165, 1285.14] [-0.185656, 0.0840846, -0.979011] [-107.232, 85.9944, 1178.02] [-0.382879, 0.0861048, -0.919777] [-0.290925, 0.0893917]]
842: [[-145.817, 80.832, 1187.91] [-0.175411, 0.0519424, -0.983124] [-88.9462, 75.9224, 1073.43] [-0.357949, 0.0561824, -0.932049] [-0.271609, 0.0563971]]
843: [[-113.741, 61.5948, 965.119] [-0.243226, -0.0252358, -0.969641] [-74.9267, 67.3765, 988.515] [-0.436164, 0.0121424, -0.899785] [-0.348581, -0.00700382]]
844: [[-114.045, 64.0419, 1010.83] [-0.167742, -0.0128502, -0.985747] [-73.0391, 69.4543, 1034.35] [-0.445686, 0.0215727, -0.894929] [-0.315293, 0.00463794]]
845: [[-107.778, 60.7315, 982.235] [-0.16113, -0.0378972, -0.986205] [-69.7546, 68.4717, 1039.92] [-0.370967, 0.0108635, -0.928583] [-0.271049, -0.0141175]]
846: [[-108.943, 62.372, 1014.37] [-0.163499, -0.0417144, -0.985661] [-66.228, 65.7393, 1018.45] [-0.402465, -0.076866, -0.912203] [-0.289815, -0.0623999]]
847: [[-108.526, 62.928, 1028.52] [-0.133526, -0.0320659, -0.990526] [-63.3265, 65.1214, 1007.44] [-0.388159, -0.0148748, -0.921472] [-0.266364, -0.0245457]]
848: [[-102.49, 60.2602, 992.883] [-0.131735, -0.0390937, -0.990514] [-60.703, 65.2625, 1008.27] [-0.384884, -0.00910408, -0.92292] [-0.263708, -0.0251838]]
849: [[-98.8664, 59.0247, 985.181] [-0.0981113, -0.0335462, -0.99461] [-57.1158, 65.0483, 1003.55] [-0.363144, -0.0108055, -0.93167] [-0.235028, -0.0230204]]
850: [[-106.797, 64.9154, 1078.62] [-0.133752, 0.0284995, -0.990605] [-54.9272, 64.4024, 1006.8] [-0.30198, -0.00351303, -0.953308] [-0.220507, 0.012853]]
851: [[-100.042, 60.4154, 1038.5] [-0.11701, 0.00566574, -0.993115] [-51.2225, 62.8625, 983.472] [-0.349769, 0.0190097, -0.936643] [-0.237326, 0.0127861]]
852: [[-98.5911, 60.278, 1043.62] [-0.106181, -0.0183553, -0.994177] [-49.5236, 63.3168, 989.872] [-0.356142, -0.0124318, -0.934349] [-0.235288, -0.0159627]]
853: [[-98.2905, 61.2787, 1060.33] [-0.104541, -0.0353246, -0.993893] [-48.8448, 64.595, 1006.54] [-0.371675, -0.0158985, -0.928227] [-0.242865, -0.026643]]
854: [[-97.5319, 61.8156, 1063.34] [-0.116436, -0.0235646, -0.992919] [-47.3434, 64.7537, 1003.14] [-0.387514, 0.0163451, -0.921719] [-0.257372, -0.00377067]]
855: [[-97.3665, 63.4961, 1069.1] [-0.0874489, 0.0523324, -0.994793] [-47.7719, 67.6042, 1089.32] [-0.072959, -0.128779, -0.988986] [-0.0806842, -0.0385166]]
856: [[-96.0572, 62.7032, 1057.7] [-0.12092, -0.0234716, -0.992385] [-45.6916, 64.9556, 996.404] [-0.332592, 0.0149859, -0.942952] [-0.23018, -0.00438462]]
857: [[-96.5192, 63.4038, 1065.14] [-0.127891, -0.0207277, -0.991572] [-46.6404, 67.2418, 1020.88] [-0.359497, 0.0158565, -0.933012] [-0.248029, -0.00253102]]
858: [[-96.524, 63.3656, 1069.01] [-0.11524, -0.0534188, -0.9919] [-45.762, 66.5883, 1009.22] [-0.359651, -0.014548, -0.932974] [-0.241882, -0.035295]]
859: [[-94.862, 62.7402, 1056.89] [-0.125568, -0.0432676, -0.991141] [-45.3697, 66.9142, 1011.88] [-0.358763, -0.00573132, -0.933411] [-0.246539, -0.0254544]]
860: [[-93.0608, 62.0983, 1046.13] [-0.123867, -0.0296402, -0.991856] [-44.3947, 66.9219, 1009.12] [-0.378436, -0.0127312, -0.92554] [-0.256214, -0.0220948]]
861: [[-90.5899, 60.9764, 1028.71] [-0.111545, 0.00461748, -0.993749] [-43.6881, 67.3664, 1017.31] [-0.363634, 0.0424422, -0.930575] [-0.24209, 0.0244503]]
862: [[-87.0093, 58.1403, 1000.63] [-0.141975, -0.0436893, -0.988906] [-42.4958, 67.2382, 1018.37] [-0.370873, -0.0128603, -0.928594] [-0.26134, -0.0294828]]
863: [[-84.0136, 56.1942, 981.254] [-0.146117, -0.0147535, -0.989157] [-40.7871, 66.4899, 1012.05] [-0.382965, 0.0237196, -0.923458] [-0.269879, 0.00468785]]
864: [[-85.7879, 58.6419, 1026.03] [-0.139902, -0.027948, -0.989771] [-39.0594, 67.2245, 1024.87] [-0.355906, 0.0275799, -0.934115] [-0.252224, -0.000191364]]
865: [[-96.8482, 71.9782, 1221.18] [-0.0861569, 0.0882961, -0.992361] [-34.2039, 67.3844, 1016.57] [-0.298021, 0.0284866, -0.954134] [-0.194864, 0.0599245]]
866: [[-73.6991, 59.4526, 1030.69] [0.128597, 0.00307913, -0.991692] [-26.8523, 64.9602, 961.272] [-0.290564, -0.0402517, -0.956009] [-0.082967, -0.019083]]
867: [[-69.314, 60.7127, 1022.79] [-0.0603367, 0.018259, -0.998011] [-19.5147, 65.9006, 952.875] [-0.152974, 0.00334086, -0.988225] [-0.106984, 0.0108744]]
868: [[-61.1319, 65.6129, 1053.24] [0.147393, 0.0729936, -0.986381] [-10.2899, 69.1455, 956.142] [-0.0764112, 0.00801124, -0.997044] [0.0357721, 0.0408182]]
869: [[-52.2296, 69.3258, 1051.18] [0.167278, 0.0824343, -0.982457] [-0.579775, 70.9127, 927.253] [0.118937, 0.0636058, -0.990862] [0.144038, 0.0738726]]
870: [[-44.6736, 78.5437, 1111.47] [0.179558, 0.150619, -0.972149] [8.11744, 74.6858, 933.975] [0.111323, 0.0674084, -0.991495] [0.147064, 0.110579]]
871: [[-32.7363, 86.538, 1133.4] [0.336261, 0.194395, -0.921487] [18.9014, 89.1417, 1063.91] [0.179462, 0.123, -0.976045] [0.265376, 0.165733]]
872: [[-23.0732, 88.2012, 1100.69] [0.341368, 0.21546, -0.914902] [24.4761, 87.4971, 1026.56] [0.198048, 0.129181, -0.971643] [0.278497, 0.180691]]
873: [[-16.8634, 90.4813, 1111.9] [0.384942, 0.201639, -0.900645] [29.3954, 90.6738, 1071.49] [0.191683, 0.13972, -0.971461] [0.298788, 0.180358]]
874: [[-14.3495, 90.0022, 1103.72] [0.404919, 0.214521, -0.888831] [31.2106, 90.498, 1085.02] [0.153776, 0.143755, -0.977593] [0.290851, 0.189652]]
875: [[-16.9702, 83.1757, 1019.5] [0.546965, 0.206865, -0.811194] [30.2586, 88.8518, 1078.35] [0.229505, 0.165821, -0.959078] [0.413347, 0.207495]]
876: [[-16.6977, 91.0717, 1115.7] [0.388352, 0.194799, -0.900687] [28.8405, 87.1957, 1058.68] [0.189923, 0.142481, -0.971405] [0.299595, 0.17825]]
877: [[-21.1879, 73.5521, 898.519] [0.39016, 0.156095, -0.907419] [27.8094, 89.8495, 1088.74] [0.219648, 0.179239, -0.958972] [0.315797, 0.177773]]
878: [[-22.7149, 93.1132, 1112.76] [0.363312, 0.226624, -0.903684] [24.9988, 87.8559, 1054.68] [0.220184, 0.165446, -0.961325] [0.303217, 0.207207]]
879: [[-23.4129, 90.8143, 1071.51] [0.399533, 0.245342, -0.883278] [23.3306, 88.3655, 1054.31] [0.176756, 0.157008, -0.971651] [0.301226, 0.213599]]
880: [[-25.2806, 90.6473, 1057.78] [0.389863, 0.216373, -0.895092] [24.1411, 96.8929, 1150.34] [0.162902, 0.153454, -0.974636] [0.287451, 0.195277]] [[-208.673, -235.869, 1036.52] [0.543371, 0.39589, -0.740283] [-163.81, -186.826, 949.501] [0.465983, 0.291941, -0.835243] [0.569771, 0.411631]]
881: [[-180.13, -205.064, 888.456] [0.529756, 0.373551, -0.761458] [-183.033, -214.442, 1068.74] [0.588111, 0.283066, -0.757627] [0.634404, 0.407991]] [[-26.0947, 91.9995, 1062.87] [0.368619, 0.198945, -0.908042] [22.8262, 93.9764, 1111.46] [0.188312, 0.125161, -0.974101] [0.287694, 0.170528]]
882: [[-176.052, -202.977, 873.616] [0.544802, 0.353132, -0.760585] [-166.58, -199.425, 992.413] [0.674803, 0.181239, -0.715397] [0.690574, 0.347365]] [[-26.298, 92.6337, 1050.1] [0.341545, 0.213364, -0.915327] [21.2868, 88.8502, 1033.87] [0.189869, 0.143531, -0.971261] [0.274566, 0.186965]]
883: [[-188.786, -223.84, 969.83] [0.603211, 0.310584, -0.734625] [-165.174, -200.215, 1026.78] [0.64039, 0.142638, -0.754689] [0.695731, 0.295412]] [[-25.6871, 94.9213, 1045.53] [0.336619, 0.231273, -0.912798] [22.4583, 93.3974, 1057.01] [0.123146, 0.175979, -0.976661] [0.238693, 0.212291]]
884: [[-179.882, -219.675, 952.098] [0.616232, 0.28987, -0.732279] [-150.833, -189.465, 972.472] [0.630444, 0.0967195, -0.770186] [0.692622, 0.25184]] [[-24.1253, 99.5282, 1064.17] [0.305088, 0.234206, -0.923076] [25.2836, 98.0458, 1072.24] [0.0921388, 0.175772, -0.980109] [0.205763, 0.212175]]
885: [[-175.877, -222.86, 968.715] [0.642708, 0.275339, -0.714923] [-125.565, -163.017, 839.417] [0.708325, 0.115499, -0.696373] [0.763586, 0.270165]] [[-19.8472, 98.9323, 1032.09] [0.233069, 0.212125, -0.949042] [28.6349, 98.6095, 1041.59] [0.0684823, 0.154145, -0.985672] [0.15462, 0.187101]]
886: [[-154.641, -205.097, 871.759] [0.667264, 0.458419, -0.587036] [-155.24, -230.849, 986.368] [0.705505, 0.400498, -0.584691] [0.864245, 0.632555]] [[-15.1526, 107.683, 1103.9] [0.253767, 0.173174, -0.951637] [35.3236, 103.659, 1074.39] [0.0623493, 0.156802, -0.98566] [0.161748, 0.168709]]
887: [[-156.702, -213.863, 928.347] [0.618326, 0.282254, -0.733489] [-124.861, -178.712, 909.676] [0.680327, 0.139433, -0.719523] [0.72936, 0.282456]] [[-8.72831, 108.324, 1141.18] [0.206697, 6.35896e-05, -0.978405] [43.8514, 110.609, 1143.37] [-0.00696495, -0.00878305, -0.999937] [0.100618, -0.00440743]]
888: [[-158.385, -227.001, 989.598] [0.634281, 0.251487, -0.731056] [-122.685, -180.712, 939.263] [0.601436, 0.123115, -0.789378] [0.682461, 0.241567]]
889: [[-151.309, -231.649, 1017.6] [0.65752, 0.255612, -0.708753] [-113.264, -183.755, 955.805] [0.672605, 0.0828931, -0.735344] [0.744339, 0.230249]] [[5.11838, 107.328, 1111.7] [0.201672, 0.0957276, -0.974764] [52.1949, 98.682, 1019.1] [0.040104, 0.0681362, -0.99687] [0.122018, 0.0829201]]
890: [[-128.359, -214.48, 952.307] [0.625035, 0.231406, -0.745508] [-90.6306, -166.96, 882.198] [0.556659, -0.01154, -0.830661] [0.643325, 0.1386]] [[12.0115, 106.314, 1107.03] [0.23137, 0.176483, -0.956725] [60.6262, 101.88, 1049.76] [0.114566, 0.154411, -0.981342] [0.176635, 0.169104]]
891: [[-114.296, -212.192, 953.724] [0.649819, 0.26408, -0.712739] [-90.9335, -185.483, 989.302] [0.515564, 0.121232, -0.848231] [0.641307, 0.242004]] [[19.1696, 106.471, 1107.01] [0.173317, 0.140595, -0.974779] [63.3424, 97.4654, 994.29] [0.0157293, 0.0955651, -0.995299] [0.095666, 0.119304]]
892: [[-97.5992, -211.778, 948.467] [0.603806, 0.57652, -0.550493] [-82.2005, -248.381, 1073.67] [0.628429, 0.524049, -0.574847] [0.830708, 0.77427]] [[25.3936, 106.81, 1093.16] [0.240031, 0.232668, -0.942471] [73.4836, 103.464, 1041.21] [0.0379066, 0.167884, -0.985078] [0.143205, 0.204888]]
893: [[-79.7634, -204.161, 924.483] [0.576557, 0.575178, -0.580304] [-71.8118, -274.712, 1194.37] [0.622374, 0.534757, -0.571564] [0.805416, 0.766861]] [[29.5628, 103.163, 1043.36] [0.217962, 0.260504, -0.940548] [78.6559, 103.965, 1036.6] [0.0606058, 0.178578, -0.982058] [0.143889, 0.224528]]
894: [[34.9833, 104.24, 1054.23] [0.158839, 0.241176, -0.957395] [82.9962, 102.94, 1026.92] [0.0142308, 0.152528, -0.988197] [0.0887214, 0.199661]]
895: [[40.8923, 104.398, 1059.64] [0.197354, 0.186085, -0.962509] [89.9004, 103.504, 1038.01] [0.057547, 0.131669, -0.989622] [0.129841, 0.161358]]
896: [[46.022, 104.019, 1059.35] [0.213879, 0.191235, -0.957959] [94.2801, 102.362, 1025.15] [0.0357378, 0.129102, -0.990987] [0.127384, 0.162908]]
897: [[52.195, 105.592, 1064.59] [0.176156, 0.17866, -0.968013] [96.5305, 100.15, 992.196] [0.00764178, 0.11602, -0.993217] [0.0934424, 0.149137]]
898: [[60.723, 109.02, 1091.19] [0.179444, 0.164266, -0.969957] [105.182, 103.788, 1015.5] [0.0505247, 0.107344, -0.992937] [0.116626, 0.137499]]
899: [[72.2867, 110.967, 1111.46] [0.277879, 0.126542, -0.952245] [124.771, 115.563, 1121.04] [0.108814, 0.154566, -0.981972] [0.197321, 0.144323]]
900: [[81.5635, 108.973, 1095.26] [0.336804, 0.118842, -0.934045] [127.994, 109.952, 1073.05] [0.111922, 0.0975593, -0.988916] [0.229249, 0.112064]]
901: [[88.3099, 107.814, 1087.42] [0.256802, 0.176121, -0.950281] [134.246, 108.8, 1073.67] [0.0852457, 0.178749, -0.980195] [0.175363, 0.181796]]
902: [[94.7568, 111.449, 1121.14] [0.316319, 0.225018, -0.92158] [138.748, 109.759, 1084.62] [0.0849175, 0.214562, -0.973012] [0.208696, 0.227984]]
903: [[93.7274, 113.921, 1127.2] [0.25553, 0.246697, -0.934797] [136.165, 109.71, 1072] [0.0607976, 0.214464, -0.974838] [0.164157, 0.236955]]
904: [[88.551, 113.087, 1109.02] [0.2907, 0.288389, -0.912319] [135.005, 110.544, 1078.38] [0.135487, 0.203015, -0.969757] [0.222689, 0.255395]]
905: [[85.9886, 111.664, 1094.13] [0.310377, 0.319107, -0.895453] [128.867, 106.952, 1048.68] [0.121443, 0.215671, -0.968885] [0.227607, 0.279346]]
906: [[78.7752, 106.708, 1049.85] [0.305713, 0.28, -0.910022] [126.316, 107.92, 1061.17] [0.128533, 0.216371, -0.967813] [0.227254, 0.258421]]
907: [[72.3494, 103.921, 1021.24] [0.326195, 0.288639, -0.900158] [122.71, 108.582, 1069.44] [0.162119, 0.222755, -0.9613] [0.256548, 0.268113]]
908: [[70.2949, 108.614, 1076.52] [0.338784, 0.310467, -0.888164] [120.061, 111.197, 1103.28] [0.0916466, 0.258539, -0.961644] [0.228621, 0.298417]]
909: [[63.7887, 105.022, 1064.21] [0.348278, 0.294359, -0.889975] [118.73, 112.148, 1144.5] [0.137159, 0.194228, -0.97132] [0.255123, 0.256707]]
910: [[59.1949, 104.167, 1079.13] [0.370889, 0.309723, -0.875507] [117.719, 114.642, 1199.68] [0.14819, 0.228487, -0.962202] [0.275288, 0.284902]]
911: [[53.1331, 101.128, 1071.79] [0.378507, 0.324774, -0.866749] [114.105, 114.55, 1232.27] [0.112801, 0.235294, -0.965356] [0.262001, 0.296674]]
912: [[46.4517, 96.8279, 1062.68] [0.373765, 0.318026, -0.871297] [102.703, 106.534, 1184.48] [0.150418, 0.224698, -0.962749] [0.278385, 0.287706]]
913: [[39.1625, 94.0632, 1059.38] [0.409618, 0.3294, -0.850711] [92.5994, 100.757, 1155.52] [0.118429, 0.241797, -0.963072] [0.2833, 0.305088]]
914: [[31.1512, 89.4075, 1029.85] [0.3757, 0.294505, -0.878701] [87.6961, 102.529, 1194.09] [0.138619, 0.245982, -0.959311] [0.272845, 0.285999]]
915: [[24.4082, 90.0826, 1052.72] [0.401896, 0.287978, -0.869223] [88.9704, 112.051, 1322.98] [0.169789, 0.276336, -0.945944] [0.305115, 0.301416]]
916: [[14.6212, 80.8477, 959.732] [0.40407, 0.245423, -0.88119] [68.7694, 93.3667, 1127.9] [0.188071, 0.249473, -0.949943] [0.312761, 0.263961]]
917: [[7.80907, 80.2122, 956.634] [0.413165, 0.249015, -0.875949] [60.0571, 91.7639, 1111.53] [0.124718, 0.2717, -0.954266] [0.285842, 0.277186]]
918: [[1.67342, 81.6947, 979.678] [0.347783, 0.265972, -0.899058] [54.4865, 94.3283, 1138.21] [0.15492, 0.313858, -0.936746] [0.267281, 0.30593]]
919: [[-4.33068, 85.5014, 1030.27] [0.305452, 0.280908, -0.90983] [46.5273, 91.3806, 1112.49] [0.0916289, 0.249975, -0.963907] [0.20883, 0.276092]]
920: [[-10.1814, 86.301, 1046.98] [0.283919, 0.294651, -0.912453] [39.7553, 89.5237, 1088.75] [0.0578786, 0.273423, -0.960151] [0.180538, 0.294537]]
921: [[-16.4972, 92.0631, 1126.08] [0.226916, 0.287249, -0.930589] [34.3779, 86.9421, 1070.77] [0.0864614, 0.263809, -0.960692] [0.164204, 0.283518]]
922: [[-19.388, 82.5281, 1035.15] [0.257403, 0.258671, -0.931039] [30.3409, 86.99, 1085.96] [0.0553925, 0.280248, -0.958328] [0.164067, 0.277859]]
923: [[-23.4389, 83.5273, 1068.5] [0.244873, 0.270854, -0.930954] [26.238, 81.2719, 1039.69] [0.0877775, 0.254102, -0.963186] [0.173848, 0.270361]]
924: [[-25.3001, 77.3624, 1018.95] [0.236996, 0.233446, -0.943046] [22.6664, 76.6273, 1008.83] [0.0948658, 0.226462, -0.969389] [0.171817, 0.236002]]
925: [[-27.6059, 74.3589, 1014.42] [0.252361, 0.195303, -0.947719] [19.8659, 73.6942, 1003.61] [0.0841311, 0.201929, -0.97578] [0.173185, 0.203652]]
926: [[-30.2524, 71.2128, 1001.87] [0.201391, 0.180359, -0.962763] [17.135, 69.2131, 976.082] [0.0677594, 0.188725, -0.979689] [0.137686, 0.187771]]
927: [[-32.0445, 69.0404, 995.167] [0.230853, 0.141676, -0.962619] [15.1887, 68.7871, 997.943] [0.0646899, 0.161933, -0.984679] [0.150622, 0.154668]]
928: [[-34.4921, 69.0714, 1006.09] [0.212719, 0.153904, -0.964917] [13.1921, 68.8612, 1014.94] [0.0402844, 0.14582, -0.988491] [0.128802, 0.152249]]
929: [[-37.0456, 70.8124, 1031.96] [0.235004, 0.123025, -0.964177] [11.4528, 68.0561, 1008.2] [0.0503794, 0.111509, -0.992486] [0.144831, 0.119295]]
930: [[-38.4134, 71.4216, 1024.48] [0.230346, 0.143646, -0.962448] [9.62823, 68.788, 1006.15] [0.0256065, 0.12096, -0.992327] [0.130197, 0.134546]]
931: [[-41.6768, 75.5247, 1053.13] [0.234564, 0.179617, -0.955362] [7.99859, 72.6866, 1040.02] [0.0251392, 0.131521, -0.990995] [0.132647, 0.158515]]
932: [[-44.8807, 78.6781, 1071.21] [0.20003, 0.175072, -0.964022] [5.99056, 73.4939, 1025.85] [0.0223969, 0.134043, -0.990722] [0.113301, 0.156837]]
933: [[-48.2418, 82.0719, 1095.45] [0.163176, 0.169592, -0.971912] [3.90971, 73.8819, 1011.91] [-0.00264668, 0.125976, -0.99203] [0.081557, 0.149377]]
934: [[-49.5074, 83.9516, 1098.22] [0.200964, 0.198307, -0.959316] [2.74479, 76.9108, 1033.98] [0.0106285, 0.156276, -0.987656] [0.108253, 0.180145]]
935: [[-50.4732, 84.5799, 1090.34] [0.187535, 0.186218, -0.964445] [2.12072, 79.534, 1051.79] [0.0125447, 0.174754, -0.984532] [0.1023, 0.183136]]
936: [[-49.6871, 84.45, 1069.69] [0.212792, 0.185874, -0.959255] [1.45528, 80.8191, 1050.16] [0.00298899, 0.178764, -0.983887] [0.110595, 0.185497]]
937: [[-50.5964, 86.9426, 1082] [0.186054, 0.21177, -0.959446] [1.18367, 82.4265, 1054.22] [0.000626372, 0.182533, -0.983199] [0.0958018, 0.200252]]
938: [[-51.5338, 89.8097, 1101.4] [0.224787, 0.204377, -0.952733] [0.967109, 82.9602, 1045.43] [-0.000238152, 0.172944, -0.984932] [0.115372, 0.192323]]
939: [[-52.142, 91.5907, 1106.71] [0.200278, 0.197847, -0.959555] [0.495263, 84.2082, 1044.27] [0.000234518, 0.165984, -0.986128] [0.102692, 0.184859]]
940: [[-53.2688, 93.9378, 1119.41] [0.219271, 0.212348, -0.952275] [0.00119221, 84.5695, 1035.53] [-0.0137678, 0.168634, -0.985583] [0.105651, 0.194124]]
941: [[-52.8322, 93.3525, 1101.34] [0.224879, 0.227271, -0.947511] [-0.454432, 87.4157, 1057.14] [-0.00955771, 0.183994, -0.982881] [0.111084, 0.209909]]
942: [[-53.7676, 94.6194, 1107.36] [0.229195, 0.237464, -0.943971] [-0.90657, 86.5284, 1037.2] [-0.0157033, 0.194066, -0.980863] [0.110463, 0.220545]]
943: [[-53.1046, 93.3355, 1084.05] [0.193865, 0.208444, -0.958628] [-1.35547, 87.5612, 1040.74] [-0.00904798, 0.186666, -0.982382] [0.0949306, 0.200816]]
944: [[-52.9064, 93.5216, 1078.31] [0.208621, 0.189513, -0.959459] [-1.33088, 87.1284, 1027.93] [-0.00185104, 0.195708, -0.98066] [0.106175, 0.196006]]
945: [[-52.6392, 93.857, 1077.06] [0.180739, 0.18771, -0.965452] [-1.03396, 90.4163, 1058.13] [0.00269802, 0.195752, -0.98065] [0.0939812, 0.194549]]
946: [[-52.3805, 95.6731, 1090.33] [0.24253, 0.221476, -0.944525] [-0.683947, 90.4344, 1052.77] [-0.00656587, 0.205413, -0.978653] [0.122085, 0.218429]]
947: [[-52.0979, 96.7811, 1098.31] [0.260659, 0.23064, -0.937476] [-0.015139, 88.8906, 1032.19] [-0.0265373, 0.193378, -0.980765] [0.12145, 0.217547]]
948: [[-50.2337, 94.4737, 1070.36] [0.251424, 0.211552, -0.944474] [0.431201, 90.4368, 1044.27] [-0.0272154, 0.194738, -0.980478] [0.115953, 0.208012]]
949: [[-48.9305, 93.0374, 1053.03] [0.231725, 0.204256, -0.951096] [1.06343, 89.7145, 1032.32] [-0.0143078, 0.190838, -0.981517] [0.112028, 0.201656]]
950: [[-49.5115, 95.9403, 1083.18] [0.215217, 0.211406, -0.953409] [1.84164, 92.1813, 1056.88] [-0.0165073, 0.184448, -0.982704] [0.102275, 0.201678]]
951: [[-48.1591, 94.8337, 1070.87] [0.208175, 0.201572, -0.957096] [2.58112, 92.6291, 1059.28] [-0.00784298, 0.188999, -0.981946] [0.10295, 0.198765]]
952: [[-48.582, 96.7885, 1091.9] [0.16297, 0.193669, -0.967436] [3.45999, 93.1215, 1065.97] [-0.0152809, 0.162158, -0.986646] [0.0754361, 0.180121]]
953: [[-49.1168, 98.8409, 1119.23] [0.139591, 0.193358, -0.971147] [4.14227, 92.0135, 1052.05] [-0.0187013, 0.191009, -0.98141] [0.0618345, 0.194368]]
954: [[-47.3913, 96.7821, 1100.02] [0.14953, 0.172955, -0.973513] [4.9071, 91.5016, 1048.12] [-0.0251087, 0.160462, -0.986723] [0.0633878, 0.168478]]
955: [[-47.0692, 97.4907, 1110.54] [0.142733, 0.180458, -0.973171] [5.61337, 91.0185, 1044.14] [-0.0219631, 0.180437, -0.983341] [0.0616488, 0.182408]]
956: [[-45.4593, 95.465, 1093.86] [0.166206, 0.199262, -0.965749] [6.25031, 91.7357, 1056.57] [-0.0524237, 0.186706, -0.981016] [0.0583803, 0.195723]]
957: [[-43.9654, 93.4886, 1078.01] [0.179612, 0.204894, -0.962163] [6.85965, 90.0084, 1042.37] [-0.038998, 0.188824, -0.981236] [0.0722289, 0.199887]]
958: [[-42.5322, 90.3649, 1052.13] [0.173008, 0.184112, -0.967559] [7.39505, 88.265, 1027.85] [-0.0307591, 0.183613, -0.982517] [0.0728162, 0.186381]]
959: [[-42.2613, 89.9344, 1055.41] [0.158872, 0.203528, -0.966093] [7.66467, 86.9104, 1020.84] [-0.0547029, 0.170089, -0.983909] [0.0533695, 0.189304]] [[-208.436, -137.554, 719.061] [0.343811, 0.0719346, -0.936279] [-191.257, -181.047, 802.086] [0.350873, 0.281177, -0.893212] [0.362897, 0.190666]]
960: [[-41.3304, 88.2998, 1047.04] [0.155542, 0.172064, -0.972728] [8.4973, 88.5779, 1044.94] [-0.0432291, 0.169511, -0.98458] [0.0573184, 0.172773]]
961: [[-43.4199, 93.5507, 1116.3] [0.139333, 0.203507, -0.969109] [9.22253, 89.9068, 1066.06] [-0.0261518, 0.197796, -0.979894] [0.058006, 0.203064]]
962: [[-40.8106, 88.4468, 1065.09] [0.166268, 0.195213, -0.966564] [9.59496, 86.7952, 1037.22] [-0.0285093, 0.176407, -0.983904] [0.0705116, 0.188272]]
963: [[-40.5795, 88.2169, 1069.49] [0.14882, 0.200572, -0.96831] [10.0091, 85.6388, 1030.2] [-0.0215398, 0.176588, -0.984049] [0.0651008, 0.190831]]
964: [[-40.7955, 89.2722, 1086.23] [0.155795, 0.223833, -0.962095] [10.6819, 86.8609, 1047.29] [-0.0279238, 0.186447, -0.982068] [0.0656772, 0.20798]]
965: [[-39.6723, 87.4334, 1070.74] [0.154217, 0.20272, -0.967017] [10.7515, 85.6511, 1035.03] [-0.0371842, 0.188805, -0.98131] [0.0599962, 0.198313]]
966: [[-39.527, 87.9909, 1080.68] [0.160643, 0.210725, -0.964256] [11.1495, 86.4891, 1049.77] [-0.0295999, 0.183702, -0.982536] [0.0672112, 0.199898]]
967: [[-38.8814, 86.5497, 1067.95] [0.139408, 0.205121, -0.968757] [11.5788, 85.7397, 1043.37] [-0.0165266, 0.174592, -0.984502] [0.0628283, 0.192005]]
968: [[-37.4041, 82.8163, 1023.98] [0.139468, 0.192126, -0.971409] [11.5817, 83.9094, 1025.55] [-0.0261469, 0.141665, -0.989569] [0.0577236, 0.168601]]
969: [[-37.8805, 84.2639, 1043.87] [0.147769, 0.199889, -0.968612] [11.6719, 84.222, 1031.19] [-0.0127559, 0.14566, -0.989253] [0.0688502, 0.174693]]
970: [[-37.5294, 83.4544, 1037.9] [0.14691, 0.187848, -0.971149] [11.6267, 83.3082, 1023.72] [-0.0200305, 0.129278, -0.991406] [0.0645603, 0.160204]]
971: [[-37.1296, 82.2629, 1026.6] [0.156172, 0.188813, -0.969515] [11.4509, 82.9838, 1022.37] [-0.0352033, 0.133708, -0.990395] [0.0616431, 0.163097]]
972: [[-36.8805, 81.094, 1014.46] [0.156421, 0.193547, -0.968541] [11.3965, 82.9151, 1022.45] [-0.0461747, 0.136209, -0.989603] [0.0562421, 0.166837]]
973: [[-37.4767, 82.0343, 1026.14] [0.14268, 0.190134, -0.971335] [11.3694, 83.1345, 1024.83] [-0.0433852, 0.140115, -0.989184] [0.0506038, 0.166883]]
974: [[-37.5583, 82.1685, 1027.68] [0.144626, 0.19359, -0.970364] [11.3041, 82.8806, 1021.53] [-0.0453225, 0.143769, -0.988573] [0.0506491, 0.170542]]
975: [[-37.9095, 82.557, 1031.51] [0.146518, 0.191531, -0.970489] [10.7314, 81.507, 1003.58] [-0.0508792, 0.141057, -0.988693] [0.0487768, 0.168156]]
976: [[-38.9779, 84.152, 1050.47] [0.125674, 0.172395, -0.976978] [10.2579, 80.8608, 993.744] [-0.0595773, 0.128908, -0.989865] [0.0335929, 0.152009]]
977: [[-39.296, 84.1913, 1049.66] [0.102786, 0.176894, -0.978848] [9.9898, 81.6133, 1001.78] [-0.0649587, 0.139768, -0.988051] [0.0192298, 0.159626]]
978: [[-39.1963, 83.917, 1046.3] [0.104714, 0.179673, -0.978137] [9.86831, 81.7918, 1002.69] [-0.0725103, 0.139624, -0.987546] [0.0163813, 0.161029]]
979: [[-39.4328, 84.1763, 1050] [0.110795, 0.178893, -0.97761] [9.85892, 82.0343, 1005.49] [-0.070926, 0.146429, -0.986675] [0.0202941, 0.164129]]
980: [[-39.524, 84.3782, 1052.36] [0.113638, 0.176023, -0.977805] [10.0151, 82.9339, 1014.5] [-0.0691565, 0.147405, -0.986656] [0.0226392, 0.163176]]
981: [[-39.2343, 83.7837, 1044.49] [0.111081, 0.182261, -0.976956] [10.0132, 82.8722, 1013.66] [-0.0697383, 0.144348, -0.987067] [0.0210467, 0.164788]]
982: [[-39.2123, 83.9594, 1046.57] [0.107877, 0.180858, -0.977575] [9.94012, 82.1504, 1004.3] [-0.0723061, 0.139115, -0.987633] [0.0180982, 0.161403]]
983: [[-39.3565, 84.3299, 1051.17] [0.10473, 0.180121, -0.978053] [10.0081, 81.1423, 989.411] [-0.0648866, 0.13956, -0.988085] [0.0202621, 0.161183]]
984: [[-39.5126, 85.1162, 1059.58] [0.115843, 0.187704, -0.975371] [10.414, 83.5239, 1014.67] [-0.060844, 0.162144, -0.98489] [0.0280499, 0.17661]]
985: [[-39.195, 84.7429, 1052.81] [0.11476, 0.195014, -0.974064] [10.3266, 82.8648, 1004.36] [-0.0696195, 0.157992, -0.984983] [0.0230378, 0.17828]]
986: [[-39.3016, 85.5451, 1060.58] [0.122359, 0.193756, -0.97339] [10.4357, 83.0299, 1004.41] [-0.0613858, 0.154235, -0.986125] [0.0311062, 0.175758]]
987: [[-38.4614, 84.4794, 1046.46] [0.140175, 0.190831, -0.971563] [10.7569, 84.6614, 1022.66] [-0.0669592, 0.154296, -0.985753] [0.037389, 0.174533]]
988: [[-38.5648, 85.8285, 1062.62] [0.136907, 0.185293, -0.9731] [11.2262, 83.5826, 1010.1] [-0.0665555, 0.137282, -0.988294] [0.0358528, 0.163003]]
989: [[-36.4569, 84.4219, 1042.03] [0.148023, 0.191764, -0.970214] [12.5799, 83.3231, 1006.5] [-0.0574344, 0.140513, -0.988412] [0.046218, 0.168048]]
990: [[-36.1079, 90.8903, 1118.76] [0.181223, 0.208956, -0.960987] [16.7098, 88.5826, 1071.22] [0.00991585, 0.170809, -0.985254] [0.0978953, 0.192706]]
991: [[-31.5936, 87.8143, 1076.9] [0.227811, 0.210942, -0.950582] [18.3655, 83.5302, 1013.9] [0.0236306, 0.173897, -0.98448] [0.129216, 0.196316]]
992: [[-28.6719, 90.3718, 1105.51] [0.23559, 0.20432, -0.950132] [22.4983, 85.8774, 1045.67] [0.0684613, 0.166775, -0.983615] [0.155958, 0.1896]] [[-159.688, -165.279, 723.793] [0.747499, 0.203172, -0.632428] [-176.088, -168.191, 913.583] [0.719818, 0.0534589, -0.692101] [0.836498, 0.191382]]
993: [[-24.1313, 88.6273, 1080.9] [0.193923, 0.196357, -0.961165] [25.3755, 84.2552, 1029.33] [0.121678, 0.174025, -0.977195] [0.161402, 0.188804]]
994: [[-20.1211, 87.197, 1062.92] [0.211937, 0.165061, -0.963243] [29.6722, 88.331, 1078.72] [0.13626, 0.132327, -0.981796] [0.177142, 0.151721]]
995: [[-16.1576, 86.0733, 1045.58] [0.244296, 0.188343, -0.951234] [33.8103, 90.4897, 1099.98] [0.166857, 0.142409, -0.975643] [0.210225, 0.169995]]
996: [[-13.7177, 87.0991, 1052.54] [0.227613, 0.19784, -0.953442] [35.9579, 89.1566, 1075.08] [0.164074, 0.173485, -0.971073] [0.200783, 0.190603]]
997: [[-8.3854, 85.6068, 1028.59] [0.311003, 0.211147, -0.926657] [39.2769, 87.1811, 1051.18] [0.199435, 0.166633, -0.965639] [0.263474, 0.19705]]
998: [[-4.50457, 87.5007, 1044.23] [0.298565, 0.215083, -0.929838] [43.2324, 87.7213, 1049.88] [0.185013, 0.17835, -0.966417] [0.249695, 0.204576]]
999: [[-0.658877, 87.9057, 1033.94] [0.284785, 0.236798, -0.928883] [55.1565, 102.78, 1212.63] [0.163344, 0.220522, -0.961607] [0.232747, 0.237346]]
1000: [[4.50339, 90.1689, 1034.56] [0.328626, 0.223506, -0.917633] [54.2215, 93.6286, 1089.89] [0.187198, 0.203919, -0.960923] [0.267981, 0.22372]]
